57
82
107
161
248
302
355
413
641
649
684
707
762
769
785
792
866
869
904
905
915
920
928
947
975
1049
1228
1451
1486
1489
1593
1653
1655
1687
1695
1763
1764
1845
1870
1893
1896
2122
2133
2136
2191
2212
2222
2429
2440
2449
2458
2521
2532
2576
2618
2647
2906
3073
3123
3129
3140
3157
3203
3329
3343
3349
3369
3401
3411
3416
3417
3423
3427
3432
3440
3444
3460
3481
3507
3515
3542
3569
3615
3710
3716
3745
3746
3747
3749
3751
3803
3805
3950
641
649
684
707
762
769
785
792
866
869
904
905
915
920
928
947
975
1049
1228
1451
1486
1489
1593
1653
1655
1687
1695
1763
1764
1845
1870
1893
1896
2122
2133
2136
2191
2212
2222
2429
2440
2449
2458
2521
2532
2576
2618
2647
2906
3073
3123
3129
3140
3157
3203
3329
3343
3349
3369
3401
3411
3416
3417
3423
3427
3432
3440
3444
3460
3481
3507
3515
3542
3569
3615
3710
3716
3745
3746
3747
3749
3751
3803
3805
3950
