-115538.815307
-100308.554218
-91403.0601484
-86039.8526599
-82609.8252468
-80655.6930344
-79164.5218983
-78451.9762471
-77852.9922563
-77398.7925105
-77200.2174415
-76907.6120043
-76832.7255802
-76648.433857
-76596.3678436
-76426.9227221
-76399.3733175
-76384.7406554
-76349.5504281
-76277.943443
-76205.5807637
-76210.5657866
-76096.4556519
-76002.1055579
-76158.7971287
-76082.7116537
-76035.5788848
-75994.9058467
-75902.3332055
-75925.6470073
-75888.311716
-75697.2646343
-75693.894259
-75706.7677881
-75694.4119635
-75689.3226873
-75629.5187065
-75632.0486539
-75606.3097911
-75562.1176895
-75642.1664804
-75628.1512663
-75621.9899721
-75678.4202962
-75625.0200846
-75529.9593977
-75482.5335482
-75496.4723255
-75560.1116555
-75510.7987884
-75441.8144888
-75496.1649983
-75406.1066059
-75456.5646738
-75499.2307127
-75545.4310343
-75446.2656884
-75302.9080812
-75418.8046381
-75279.4909614
-75324.8221853
-75384.0071669
-75386.0192421
-75312.1717882
-75299.1534523
-75160.7574892
-75166.9153043
-75210.3978
-75239.9882933
-75257.0859393
-75183.2710282
-75112.0864793
-75280.6487199
-75162.867705
-75144.9143101
-75199.0247593
-75205.0912743
-75099.1196536
-75182.753602
-75165.7459128
-75262.1887342
